2118
4532
713
1166
223
989
654
3455
1645
2769
4416
3528
441
4178
4285
2411
4313
2650
4250
4918
672
2223
4107
1224
486
4071
4333
374
2400
383
3271
915
1475
3875
684
645
3840
4595
1678
1250
4626
699
1867
2599
2945
929
838
4748
4348
2097
4496
3887
1800
1455
2952
744
4649
4199
1086
2179
3324
2932
4103
4166
4408
4242
1420
4733
3136
427
3987
4891
523
3382
1631
4680
2037
2572
2427
32
4033
3424
655
910
1960
4805
895
2868
399
2417
439
1144
500
4756
3269
4575
2312
1514
3611
2069
2682
238
3287
1523
4839
2114
1619
3319
396
323
297
259
534
4742
4887
3943
1578
786
4171
3746
3708
3739
4114
4808
4024
916
578
4162
2672
2512
3416
1026
3208
4380
3976
3267
1157
2627
2625
375
2751
3860
158
1613
216
352
4115
737
4547
918
4499
123
4150
516
77
1125
3308
874
4177
2890
1098
2050
4295
2461
1919
835
3882
4857
2377
4950
1729
2305
3172
2778
4579
2674
4706
4697
2238
49
1625
83
1332
4717
1486
4493
1058
2339
2805
526
2736
3202
1111
168
2464
2745
2927
4503
3014
4095
1918
1027
2326
2183
2205
3673
3370
2365
3950
1697
2690
1763
4768
2564
2588
2878
917
3074
4916
2414
675
1351
3043
4193
3377
4800
3565
34
4624
765
3605
1998
2606
110
4909
3738
4010
3531
1423
4181
1162
1643
756
124
2906
139
761
3030
1366
3711
1886
1190
1594
24
2661
753
3395
3621
2112
4777
2180
3266
3437
4190
3359
3031
448
362
1608
1326
4402
3638
4966
472
4660
1104
4119
1269
344
605
3897
2293
285
2787
4413
4998
220
1845
3707
2384
2930
1249
180
19
1944
2742
1189
2248
2197
2208
2851
3779
3775
2144
1599
2613
2376
1392
2849
2752
3901
2970
2318
1727
1875
551
517
2720
3944
1832
3095
1747
927
2033
51
134
1659
562
4308
1708
1558
2766
1893
2770
706
1858
4955
1885
3587
1581
2506
1403
4468
610
2646
709
1378
4641
1004
4137
3005
1126
1928
2663
4625
54
1771
2871
4828
2426
1738
3752
511
194
3218
1242
1411
4286
2190
4618
2727
3369
1515
769
4999
3821
1596
2882
3274
4681
2290
1671
1388
4000
4322
3647
1707
2931
2380
4175
4035
3419
1967
2228
1503
233
3678
2675
4719
1230
1107
414
3034
3494
3936
3632
4122
268
4189
4789
2166
4836
518
1715
568
4824
4741
50
3309
2082
69
3892
4788
1636
1686
4167
4323
2100
4108
2255
644
3705
482
773
1728
3100
1220
1173
3783
898
615
1373
2330
752
3247
3118
810
4334
2355
4486
3069
3328
2817
4332
2081
3245
305
3971
3756
3940
4965
4934
117
2092
909
559
1214
4379
4202
3884
4738
609
4614
4482
3064
2237
2811
921
2266
406
2016
3540
782
2068
622
3059
2387
2181
2677
211
2579
3158
3268
906
1815
4885
4222
4695
590
1205
4237
3332
1650
100
1153
2633
3979
214
3056
3006
1931
4868
210
1395
3008
4659
1206
3645
629
3326
21
1284
1122
3102
468
4712
2148
342
2589
4945
928
1459
195
15
2064
2162
4529
1954
853
1377
157
74
635
3162
925
495
2459
865
3238
1999
4225
2093
2149
4325
1203
2040
1666
4488
3847
1277
4244
3344
4732
3066
1701
2680
1040
4464
4995
128
1609
3213
1112
2348
2999
4968
997
1312
1914
4820
3285
740
1133
828
3021
4779
1784
881
1489
388
2418
3186
1442
960
702
1449
1451
3325
2695
2693
3427
1528
3463
2262
905
4655
1871
2840
583
3434
4600
3232
3715
3366
3460
227
1481
2894
3834
1083
4735
4700
1355
586
701
167
4736
2517
1956
2057
17
1160
2225
45
4415
3295
3390
688
92
2626
2046
4752
299
4578
1169
301
3378
3542
306
2591
8
2119
2647
1018
2923
2175
1567
3342
3695
2639
2052
538
2592
1602
1215
870
1779
3511
446
4525
2505
3733
3519
3999
3261
912
2429
809
3350
4872
3058
86
3643
1769
4497
2655
2596
1103
3396
4213
4647
4134
519
4049
4728
4980
4524
1828
4543
2433
3908
2823
3086
2992
2185
4783
4561
1343
159
4041
4183
948
595
4451
3420
4623
3826
580
1264
623
1793
447
4274
4014
1421
3881
389
780
1042
1472
185
328
3919
3310
2819
2019
3956
4090
4694
3230
1757
846
1751
4330
78
2209
2078
4650
4825
966
2963
1719
3623
302
802
2802
2884
2067
4813
3560
412
3665
2160
1560
3648
3203
1106
2580
2280
3842
3968
1628
2366
2073
1406
116
1652
3552
2094
10
1037
2500
2996
3988
3610
2345
2919
1266
1263
1401
4815
798
4460
4724
465
1443
4921
1807
651
3264
1733
649
3300
2551
4158
1427
1889
2659
3323
619
3364
2538
2703
1467
90
4520
1642
3782
64
3197
169
4473
3446
759
2259
120
3101
4682
2533
1705
316
4080
4048
3035
1318
4397
3091
1422
3090
3196
1634
2937
3290
4508
3907
204
2773
4016
760
4562
4099
936
4280
1002
4698
1119
4053
2478
3938
3922
1071
804
4058
3150
4989
2990
4558
2729
4288
4436
2951
2085
1739
1161
2254
3669
4407
2286
1909
3239
626
2343
624
1505
2193
806
3795
1084
4565
499
4711
3253
1657
2668
1508
4932
1546
2436
2844
3867
954
476
2601
4564
1553
1536
4036
1814
4699
4396
2058
1798
849
4004
6
4874
2543
3049
3132
3653
2776
112
481
1859
3488
1843
1989
341
2252
845
425
1430
2432
3804
2896
3649
4351
2893
4038
2696
4944
2430
2897
1005
2687
4275
754
2977
1864
1070
370
2200
357
911
1881
1556
14
314
796
2507
4961
2474
3376
3702
633
959
262
4294
646
4160
4985
2440
1052
2350
3809
3405
695
4112
3316
1781
2231
4615
1211
2830
2102
2808
1096
3318
1389
4690
1951
191
4478
3852
3636
3480
4247
2575
4424
1364
1080
2373
4212
4358
29
3508
4971
1062
0
3895
4610
4867
1564
401
3400
3109
4142
3263
1922
3007
3666
1695
4907
1394
3273
2875
2638
4106
525
3563
3966
4964
4679
3770
1579
3388
1333
1963
1357
1923
4458
3062
203
2730
2422
3993
267
4661
1566
1834
3421
95
2547
2673
4217
1846
199
3195
4132
1209
4251
2036
3658
2158
1363
4591
2482
1328
1436
2762
4603
189
3246
1937
1917
4087
1988
4939
377
2845
666
3916
819
767
9
2887
2968
3578
2686
2463
3899
2076
3495
723
3891
3155
2445
2315
1257
4705
2714
4769
4256
44
1887
148
2176
3029
2874
417
1000
727
1275
1839
4677
2323
1630
691
3824
2404
1882
3154
1789
711
1627
539
1073
3512
3697
3532
1941
3855
1821
3997
4364
3476
4795
3204
4662
4667
4062
2630
3200
3082
2858
4879
3753
288
1905
834
1380
1788
597
4684
3093
1302
2446
4607
4057
4449
1433
3816
466
3990
585
2698
4686
2136
2758
240
4590
579
2645
565
2479
902
1441
35
814
923
3094
4823
1231
5
4405
1646
805
349
729
2460
3457
4155
984
1431
826
4685
501
3641
1440
4862
3248
3558
1437
4151
1837
4761
4925
1939
2354
842
429
1943
4975
1810
201
4819
4321
3741
3500
198
2832
3276
628
4702
4845
4296
2653
250
3596
1301
2643
67
4375
2230
3337
47
2935
3157
971
2861
376
1813
2877
1113
3223
1413
3635
3067
136
2035
668
795
1987
1670
4211
2709
732
1350
3125
4362
857
3735
105
650
4466
2295
1465
837
4772
3545
2744
3087
4763
4223
182
2032
1856
4245
4759
3769
1616
2922
545
2113
2615
4852
2846
461
4791
3946
4368
1039
2531
992
2540
1806
3676
2632
4085
739
2065
4597
2863
730
2249
4773
884
356
4884
164
841
4268
242
2771
2810
1603
522
4311
3506
4483
4555
3644
4307
2168
4180
4897
1521
877
3800
4117
3373
471
398
4173
1803
4433
4432
1405
130
1849
1150
1154
2711
1382
2184
2683
2998
4133
1680
3433
717
2163
3304
533
4731
4003
459
3732
3677
272
1028
3341
4393
2555
4962
4903
4527
3242
1346
4101
1251
1121
3662
4125
1109
1972
2777
3140
2739
3815
4541
1527
515
4258
162
2872
634
1831
3861
3627
1904
775
3477
363
2253
1148
430
4467
2457
3960
2947
397
3927
4987
3130
1748
3661
888
3728
40
3757
2088
547
4005
1281
111
2510
3189
1710
1676
91
543
4154
2364
165
1633
2006
4861
3415
4128
4787
1557
983
1510
403
3401
3877
4764
172
893
2504
350
4020
1219
3183
2891
933
638
2477
3749
4172
4633
463
3185
1124
3890
1654
3179
20
4023
4037
1957
4632
503
4282
3599
1953
4812
3046
4066
1267
2146
2701
4490
1767
4593
2173
2800
3518
4528
2269
435
1955
4638
4803
3525
2077
4629
4074
2940
2607
825
3075
1204
1804
1959
4382
3955
4204
4725
2605
3972
269
4913
2475
4832
4410
118
4960
4378
4973
3486
4054
4238
4917
991
1519
3934
4599
2346
3580
424
3772
3289
1179
228
38
4437
4284
2806
3473
2234
2899
4827
892
4696
817
175
2150
422
2728
1159
2793
4704
848
2841
4343
3982
150
3564
3557
2157
2311
3051
3504
4841
4427
858
2898
2942
3646
3265
3758
3742
514
181
1337
1181
2382
1155
823
1644
1648
869
2637
1624
2761
1601
4570
2973
2710
2333
944
338
458
4646
4943
4653
4229
714
154
982
3771
3967
3199
867
1142
3071
670
2746
3045
1946
2743
3843
4065
1773
4838
1513
4376
2139
4979
3482
4169
2644
3714
1583
4366
862
4206
1271
3634
3688
4609
3559
260
2715
2571
2012
4383
1274
2141
1811
1478
2467
1911
145
121
1273
16
4582
173
2946
4384
502
3033
1480
2597
2375
715
1017
3781
4672
3435
3562
3127
4044
2232
3348
4051
4571
4811
4521
1213
2860
2959
2206
4463
1293
2074
1222
4587
1964
1902
4355
627
4954
571
1292
1095
1156
156
1720
2563
697
3550
2733
183
218
3786
1044
2986
1022
3391
3723
3413
286
564
4084
2603
1352
1735
2955
513
1031
2941
1684
416
3547
2789
2850
3624
4069
2250
3379
2128
3507
1479
3751
1082
3129
1653
4390
2828
3409
1819
4421
1725
1303
4140
822
4504
411
1201
1759
1019
2948
1660
4346
3206
1261
3256
1664
886
2991
2105
612
1429
1688
1270
4300
2409
2854
31
3079
811
2245
3389
3760
2227
2024
1255
4195
4983
2862
4753
2487
2879
3181
2408
2741
1993
3629
3835
4389
2889
1766
37
4182
1059
3084
3314
1639
3854
2679
3311
2191
4091
1950
3612
4658
310
3190
4312
4094
1202
2152
2820
2341
3791
1968
1673
3161
2304
774
2772
4765
2199
2966
4281
2352
1823
3721
2964
3408
607
3291
2568
1600
3609
2000
39
4602
3553
2226
716
498
3983
829
1172
757
2127
4900
3278
247
4796
3569
4506
3257
494
450
594
1501
1780
1168
1236
1115
3853
813
294
4560
3144
4573
3
2972
4581
1945
4015
3207
968
4739
2881
4559
3374
3346
2508
2353
1399
3228
413
2713
3187
1294
4612
733
3073
4336
1287
2274
2527
2336
847
4703
4426
2873
3690
3577
3868
229
2319
2548
2491
890
4059
3280
4052
598
2988
1770
3175
1323
3313
2071
138
480
213
922
3699
508
1305
3471
537
999
1641
454
4890
3974
1
573
3227
4817
3737
4905
2435
818
4081
407
2623
3923
2055
4793
728
665
3604
3640
2473
13
1762
3730
1835
1605
1926
2060
1291
497
177
4100
1647
3107
346
2264
981
3740
496
215
1827
2219
3104
636
1066
1445
1234
541
1123
2665
3828
2760
1174
599
2080
2936
4012
437
4572
1470
2413
3371
2829
1492
4992
4689
1916
4417
4894
137
4782
3520
1526
1353
4198
603
2246
1227
3442
4675
2688
3177
3748
990
2522
2553
3566
3496
2154
1359
3217
4302
2242
1752
608
1398
2847
353
277
3541
589
3672
4494
355
1694
402
2523
3549
1307
2535
2807
4847
2307
4157
3918
1942
2768
2795
2754
3529
2425
3169
1551
2038
4511
2159
4089
2578
4959
3568
908
1141
1171
1259
2740
3461
2450
4855
3755
4138
952
4303
4228
3060
4292
2170
1912
4588
1297
1001
2210
2007
226
2520
2552
2511
2582
3044
930
880
3928
423
2211
4219
3493
3501
332
1221
4729
2550
28
1924
1840
4055
2240
3533
197
4186
3683
4849
2801
582
3105
1617
840
266
506
1448
2926
1036
2025
7
300
2697
2145
2172
1186
4022
1147
4361
4730
4391
4746
2976
4067
1978
3696
1424
1348
2213
1034
4441
907
2545
2153
3414
2689
4516
2309
2636
1635
546
4505
63
1210
947
1658
127
52
2981
4778
4450
3850
2317
1393
1078
657
343
4665
735
2359
390
860
3397
2724
4645
2915
1563
1669
2989
3215
1175
3040
4526
2784
1716
4946
4957
1379
3845
1836
2265
3657
4406
4127
3167
1542
3258
4935
1074
1808
1580
4025
3011
340
3302
3339
1117
4881
1387
378
1637
4241
2914
1038
1772
3606
1054
2314
3010
122
2027
1861
3589
4152
3173
4988
3651
3700
994
4902
1464
1339
3639
3025
4019
945
1961
3036
3028
751
1852
794
2610
3764
409
3143
2031
1110
2388
3024
2015
1934
317
4512
4997
4799
3862
3684
3254
2664
4272
3607
1319
3660
1502
1321
257
1089
1533
4574
2059
661
3829
345
2448
2188
3097
4316
205
3994
1524
529
832
3306
3299
4453
1535
1677
2258
2451
2763
613
4583
1768
4914
3145
2370
4784
491
2880
3930
2767
4469
395
2786
2458
460
4266
2297
3216
972
779
4352
2904
4400
1799
4544
3745
2272
4930
2969
3973
1876
2987
187
3235
1334
2142
4982
348
3168
276
4927
2395
4994
3089
2324
1595
4584
4011
4637
4291
2351
718
866
4111
1145
1416
1981
2356
4412
2276
1033
4254
304
3691
1193
2053
2525
1320
3039
3773
4130
3619
3805
2528
4431
919
2303
704
3307
1130
3462
731
2327
4947
4770
1317
2044
4774
2812
856
1295
4194
3876
155
4835
1765
4668
1050
3539
1087
2967
2420
453
3991
1691
1621
3096
2137
722
820
4363
2804
1191
4116
979
4356
1381
3642
3709
2251
4606
3548
4239
4498
4866
2393
2437
3668
295
2134
2169
1538
2962
4063
2021
4209
4045
261
926
3490
2198
3600
2979
4232
2852
1687
4931
1015
1552
1223
703
1051
4657
2130
1940
18
3443
2299
2217
3281
360
2717
4227
3896
4270
3386
2838
3849
1325
2010
3523
2347
3329
2536
1696
1268
792
4642
3838
520
1362
3212
2839
1693
444
326
1540
2694
3900
1397
4083
3226
2515
1500
4536
1683
1618
365
3717
3357
4517
3142
2954
3491
152
3592
1258
1792
4594
4205
509
4422
2649
26
4485
146
151
1880
3980
4850
4834
1473
4164
1390
1656
1367
2611
3365
3725
2099
1493
720
689
2028
27
2308
3134
2901
2212
3160
4843
4208
914
1850
4664
410
3904
2516
783
1487
3098
4886
3823
4643
392
2883
443
1290
1462
2379
2799
3275
3812
1409
3131
4165
4951
1713
2708
1699
477
1454
3454
544
4888
2614
1726
1265
3106
2236
2407
4252
2325
3910
2403
1801
4580
4249
876
3713
4622
569
2011
4339
4200
2455
1590
303
4385
552
358
4188
2271
2041
577
3692
3380
2002
3124
1929
2678
2224
166
3255
3452
4500
3111
4816
337
2920
3584
833
4804
4310
1714
1870
2753
1689
663
2983
3986
1511
1241
1778
3952
53
2892
2215
4429
2779
3617
1750
282
70
4540
4837
1335
2759
1776
1064
1990
3984
3410
3349
1986
22
4577
4569
4870
2867
1474
1795
3963
1783
3807
742
1855
643
2415
1404
2925
2593
3693
4060
131
3978
3601
725
2562
3430
1598
1370
950
4465
510
3522
1915
179
620
48
2332
1853
3628
4678
768
307
161
478
1717
3358
2775
3464
3585
2397
821
219
4040
4990
1692
2501
291
2656
1245
588
2222
3574
771
339
1286
4456
2471
2061
462
1466
2449
662
4445
1225
241
174
1629
1347
584
284
329
3524
2313
4028
3663
2423
4844
3731
611
1129
141
885
4628
1620
3659
2378
1296
3820
1681
3914
464
4899
736
1574
333
1182
883
3799
1562
1023
1143
2335
1081
4911
4476
2090
951
639
3335
1587
4261
2386
3591
1790
4007
3135
1531
1820
4218
1336
456
4082
1088
3193
2585
2049
1057
4392
2490
2974
3743
1507
4848
2917
1341
1872
3878
1854
2165
1975
1361
3425
2885
3924
2609
2481
3262
4687
321
1775
1935
4616
1170
3851
3198
1842
3798
1158
2888
380
680
1530
2913
2604
4550
3872
2831
4267
2247
3475
4234
3110
2685
3788
2953
4075
3947
4936
1509
1982
3260
664
3470
4201
2115
924
1468
4880
290
4901
3790
879
3792
3879
4446
985
3822
2856
976
3237
3214
1936
2853
1744
2
2822
1661
868
1324
658
2278
3404
3334
3048
4459
4673
1709
942
1310
4462
3103
2424
4840
3863
2985
3387
2735
3654
3406
2178
1785
4621
4006
2756
488
3961
3356
4656
1298
4942
755
1327
2965
1679
4546
3002
4576
3224
4196
354
2584
249
3670
3582
4320
2971
776
4324
3047
479
2700
3776
3945
667
3687
1518
3171
3297
391
3734
4176
4328
2537
4170
1504
4670
4139
1055
4707
1802
2072
4021
1588
3905
4418
4810
2111
2079
1809
2669
1240
899
2434
4977
4856
4047
4924
1134
601
4269
637
4327
2296
1495
3615
3614
4630
3536
3338
3992
3298
2616
2574
940
762
616
1494
3148
2790
4611
3975
2342
2924
956
3957
1146
4831
3032
4554
320
602
170
3210
3827
4092
4860
816
4875
2956
1354
1672
642
1118
946
11
679
3398
707
93
273
3412
1105
3811
3453
4644
1857
4001
3121
4398
1976
2842
3719
3286
230
953
2933
943
4032
4676
4224
3305
2622
3926
3750
3674
473
4709
2859
4297
3883
1794
4551
2788
3706
3765
1065
4455
4394
2513
1920
2836
387
4523
3176
3368
2558
3353
1997
2691
3119
2104
3478
2809
882
2876
2453
264
469
3942
4474
436
4683
2358
1663
2960
385
114
4865
3474
2634
2975
3710
2360
2117
1262
4031
1093
750
1796
1136
852
563
3516
4952
2911
3428
1338
2063
4489
270
192
1046
4938
2030
4260
2559
3133
1311
1499
2640
3296
1991
3655
361
3411
1787
747
962
4522
1306
2289
2848
442
4442
4480
935
2363
3219
1412
4318
2054
3777
2045
1383
1983
3633
2182
958
4740
420
4326
2723
1568
4734
125
2566
2456
1385
1606
897
4373
4401
3259
1723
1901
572
3116
3284
3188
452
1342
2106
289
1035
3489
4639
71
315
2334
1434
2654
1838
3590
2381
891
2676
617
3225
2187
4634
4535
3959
3431
4349
490
2167
449
1862
2576
3108
1178
2774
3340
1139
2017
4873
2783
1043
855
975
82
1612
4871
1520
364
1903
4864
3282
4563
3513
778
1522
4470
2702
3667
4851
1833
4785
2004
1090
4299
859
4423
2291
2110
207
1921
1899
4751
1825
1280
275
3303
89
660
2385
3727
445
3149
2944
3873
2399
292
3485
4722
1698
493
3072
3603
2438
671
3797
4329
200
4335
1604
896
3000
1572
4876
2020
3521
4315
3070
2857
3888
3383
2218
872
2503
3869
2480
2734
318
1490
2909
33
4767
1085
1135
4747
1932
4253
73
1197
4976
4495
3544
1907
4937
2156
2939
3759
4567
4353
2048
1299
3270
1847
2502
1777
4969
3573
1243
4340
1906
2902
4477
1488
949
2439
237
3229
1896
2391
4191
2594
3570
3417
42
3594
3441
381
685
4949
763
3785
41
1471
4895
2556
2718
3137
433
2003
2390
140
2195
3948
3152
143
4929
3436
3724
102
4136
673
4221
2950
61
2748
351
3393
2958
741
1532
4
970
2196
606
1706
4233
1484
2281
641
3579
748
567
2539
404
2056
4365
2827
2557
2993
4123
1452
1456
1485
3681
2521
184
843
3429
4277
1512
3375
4636
4798
4481
4050
160
3802
4635
2721
3026
787
2671
600
3546
256
2549
878
4853
3561
2275
3839
1329
359
243
640
1439
1369
4877
3613
980
3385
4721
1655
3083
1304
3023
934
1980
3935
3859
4869
1544
743
2782
3367
3012
2107
4093
1529
3608
3575
4079
3294
57
3597
3793
1068
1047
1314
4549
1506
3626
2095
1786
3534
4750
1826
4230
451
4501
2524
1032
2340
62
2284
153
1741
4714
3618
2233
1313
1282
142
3472
55
2544
2815
1586
212
4098
79
681
1006
2468
3593
1626
1682
2207
904
4215
3077
252
3787
1330
1555
2126
2833
2241
1848
4077
2201
2270
3865
4786
550
3801
4370
2681
505
235
2124
1577
4802
4814
4414
1164
4596
2821
1248
1360
839
108
3293
3458
4613
418
3885
995
3459
3272
1469
4801
1100
1315
308
4129
721
4859
2239
560
2929
1414
3951
4153
4444
2261
3018
4619
1753
4145
4283
1575
489
244
2013
2907
4341
1996
4259
4534
254
1550
2722
1569
4061
4337
3468
2835
3122
2244
3880
2978
2320
1008
366
3317
2869
271
2174
3571
3484
4110
3233
614
3664
2621
3312
2331
2428
2465
3685
528
4156
2587
4518
4727
677
2794
996
1195
674
1460
144
1344
3537
1879
419
2362
1167
2938
3682
530
2398
3288
3998
1007
1667
3726
432
4821
3016
2369
3041
1977
4671
4780
3363
1116
4919
2287
4086
969
2667
2034
3572
3019
596
3050
647
255
3871
2813
3327
1218
4710
393
986
631
265
3279
830
3909
788
2541
4203
3766
3675
3917
900
3013
1822
1453
1375
1730
4420
824
2726
1891
3467
4434
4399
2755
4452
1056
3830
3837
2120
3958
85
3894
1895
1226
2462
3402
3729
758
913
1749
2186
4226
4248
30
1184
1217
4882
58
3492
965
1782
2692
3180
2103
66
1108
3551
2014
941
263
871
2581
222
1138
1966
2372
931
4105
1758
2202
3220
2529
1010
864
1971
1868
1061
2108
2530
1060
4377
1965
4601
719
96
2561
3384
570
4298
1860
3113
3817
4360
1183
957
3932
1973
894
1272
119
3637
2421
202
2394
2546
3042
405
977
1140
3065
313
1873
3911
1198
678
236
2569
3981
1200
3616
2493
1877
2406
483
2087
106
4713
1721
2066
3407
3985
3448
3017
4409
785
790
3487
3241
1496
4892
1589
4289
4076
3054
2489
659
3694
4185
4220
221
4669
988
3870
455
3925
4131
3689
4762
1736
2192
3530
4491
4034
3333
3814
1888
4367
1892
369
4940
2018
97
1816
209
3762
2826
2670
669
248
1718
2131
324
3037
3931
4262
2624
386
2684
431
1185
3819
4771
3954
4403
2818
3236
1483
1516
4651
3962
4317
1797
467
3965
1246
80
1573
2583
1025
3588
799
3652
1457
4161
827
2051
4143
712
4235
1067
2495
4878
1711
1805
1970
875
4475
4350
1592
2294
2612
4627
2816
1674
2707
3836
4428
4174
3949
400
4443
176
3866
1517
3831
1665
2908
1425
3085
3360
1649
126
1958
1463
1435
1651
2712
4915
2921
2260
2402
542
553
1426
4986
777
1196
710
1949
1874
2628
2306
4775
2567
1408
373
103
1570
2900
335
4304
3555
524
4948
3080
3736
1199
3355
2401
1585
3330
557
1276
4906
56
4854
2732
438
2164
4430
258
1432
4246
3833
4018
632
4002
2648
3720
4620
593
781
3761
554
3126
1938
2619
4663
4715
3003
4159
4542
1365
2949
2749
4271
4617
2368
4515
4388
3354
196
3347
4806
3423
1547
3780
2177
4981
4984
1724
2203
1097
4231
2405
1101
4027
1948
2086
309
4102
319
1072
3166
2310
1253
3001
2151
4530
1137
3502
694
3252
998
2780
3244
2129
4243
4904
1415
4693
2984
920
903
4278
696
1841
1732
4381
3449
1615
536
408
1372
963
1754
2268
1011
3015
2410
4896
2189
1099
347
3159
3418
2442
3439
797
1576
1288
84
690
1063
1128
2957
3432
36
4168
109
2447
3351
2441
3336
3503
3631
1890
2476
2494
3903
4691
4056
850
4509
3505
4214
1622
4598
3874
3163
1461
3115
4648
2075
1755
1883
1094
98
1611
932
3818
2719
2699
279
1947
4068
686
2344
3201
1537
1428
630
2337
3438
4553
1278
1497
4766
2396
621
4898
2466
4359
2843
336
1045
3231
549
2470
2096
4118
1029
1194
1252
808
4692
938
1237
2243
4148
861
2590
3194
4908
2194
4568
4419
1703
4991
2642
1685
1745
4893
692
1308
1571
1591
1212
4372
4255
3620
4537
3778
2389
4371
296
4309
3283
3499
2980
2383
3027
3481
3081
3372
1995
2864
4760
2705
1207
3857
280
2855
1114
2660
4858
1927
1844
3240
4963
1742
2912
964
4301
3913
2910
4510
2416
4781
676
2757
2785
1623
2514
2273
4726
4264
507
3057
232
322
492
1818
3469
4240
394
648
4993
2560
3170
2903
3151
4184
1962
4604
4440
2361
1812
807
3598
1554
3806
682
3178
1561
3841
4387
4492
1548
2005
115
278
1491
4674
1898
3515
1013
3403
367
1069
1187
3703
793
863
749
766
1740
1597
3381
1450
2834
3292
3526
3543
1930
4273
59
4790
4163
2577
4538
2492
1498
1446
4265
382
2716
746
4749
4758
4207
4566
2125
4842
2084
1402
3444
2298
281
4822
1092
1632
1458
2062
193
3068
1897
800
937
3671
239
2662
4958
3912
2083
3794
3722
3656
2026
2374
540
1260
1985
4716
2803
470
4439
1358
2023
4557
745
132
993
1761
2263
3445
566
1700
1477
2143
2595
2216
1756
253
764
2483
3509
3009
4972
1559
2171
2277
708
889
705
504
4471
3020
101
171
4744
4236
1371
4531
3915
2070
1014
2792
2279
3939
2043
2485
1410
1582
2765
2329
2029
4757
2499
2412
2629
1012
4487
3139
558
23
2484
3630
4755
3964
625
4533
4042
3921
4933
581
4073
2565
3698
2598
1662
3392
987
4539
2725
592
3117
457
1438
978
4096
1878
76
4652
3022
4257
1279
4293
2934
3848
4922
4912
1863
1690
1549
4124
3844
1541
1254
208
1285
973
2122
1731
4121
2235
1049
3989
1391
1900
698
1933
2542
4461
4216
4306
2618
1131
3331
844
3906
3712
1289
2132
3053
2886
2747
4552
531
135
428
4435
3784
3078
3941
3497
311
1024
1228
1316
440
555
4345
3886
3061
3456
1974
4013
4279
2498
2750
3754
4009
3004
1525
1340
1041
368
803
2091
3498
574
2554
2608
3243
147
186
2221
3679
4149
1545
854
2123
2781
1238
2635
3796
487
3343
2098
1774
1256
1764
246
2658
2573
88
43
3996
4654
1349
4794
1009
434
2229
1418
331
961
4589
107
2321
1910
2570
3953
60
4290
3718
2497
2371
4210
3440
901
1077
3625
3447
836
1208
4688
3889
1079
3581
4017
1638
2121
2101
2824
2620
2982
2047
4608
2764
2283
2431
4276
738
591
287
2469
770
371
4826
3622
1908
2161
99
693
2301
3088
851
3937
2338
81
1869
4029
2586
2302
1952
2652
1925
330
687
3320
4354
206
1120
415
2737
3174
245
3221
1149
1030
2526
700
887
2349
3970
3451
325
3803
4438
2486
1417
1476
4472
3141
3595
3567
1614
65
812
3808
1309
3846
1021
4829
312
3538
2322
190
4141
2214
2961
1180
4369
2472
4631
4514
4889
163
1994
3063
4126
726
4314
3345
4263
1419
3422
801
2328
1829
1722
3055
1702
3211
3277
3250
1177
4197
2089
2133
1232
3535
556
133
1866
521
3514
2022
2943
4043
2797
1151
3813
1386
251
2651
4008
94
2452
4147
2147
4967
1163
4970
1165
561
575
298
2316
1235
2641
1091
3092
4743
2791
1610
3315
2798
2042
683
1817
1607
1534
2666
4179
485
3810
3517
12
3112
3898
4331
4192
4411
653
3146
3249
421
1076
4545
2706
3701
974
1345
3234
3977
3858
791
2454
4078
4120
4347
4863
75
4745
3120
2825
3583
618
4723
2617
815
3902
4592
3789
873
3969
2419
334
1593
1048
604
4039
2257
3165
2008
4585
4070
3465
426
4792
4928
1543
68
512
2895
1053
4556
4484
3222
1331
327
3147
2488
4720
3394
1003
4097
2140
784
25
1020
1746
2135
2534
46
4404
1127
3362
4797
3650
2256
2109
231
3138
4088
2392
4447
225
4737
4457
3680
1704
104
1584
3929
4519
4046
1244
1760
217
4701
3153
2994
4666
3450
1668
2519
3483
2155
4507
3184
1368
4342
3038
831
3164
149
3352
3322
2870
2509
3554
4548
178
484
87
1444
1384
1737
4072
4357
2837
548
1539
955
1102
2796
4338
4030
3510
4996
4830
1188
734
2204
1913
724
4454
4953
3825
1984
4920
4910
1979
3209
4605
474
4479
1640
2282
2997
1992
4978
3704
293
2039
1734
2865
2138
4809
4923
3156
3747
3114
3192
1565
3123
4807
1176
4833
2009
3686
2995
1247
4187
4708
3576
4109
3767
2267
4113
2731
3099
3301
274
1447
1283
1884
475
4513
4374
1743
3602
1830
2631
4956
2285
3774
4974
4144
2600
4104
2367
4448
2814
2444
1851
4026
384
3832
2357
2657
1407
4064
3586
4926
2300
1229
2532
4718
379
3933
4425
188
967
1152
4586
1192
1239
532
1300
1894
939
3399
4818
3893
2001
224
527
3856
2220
3479
1712
3864
1132
1374
113
3182
4344
1376
234
3052
2288
2738
3556
4502
372
4846
1824
4305
656
4135
3361
1400
3251
2292
4395
1791
2866
129
4883
3920
652
3716
2918
2905
1016
2116
4776
1356
1969
3527
789
3763
3744
4319
576
2602
1675
1396
2443
3995
1075
283
1322
772
2496
1482
3076
72
3466
4941
3128
1865
4146
2928
1233
4640
2916
3768
3426
4386
2704
3321
3191
3205
4754
587
535
1216
4287
2518
