3592
4475
1410
945
317
3610
2209
1551
4422
3973
2705
2530
2553
1119
4777
583
103
594
3307
3693
1242
949
2585
3741
450
4355
3875
1862
3817
1917
4019
2895
3094
2817
1616
1623
3853
2590
3904
4447
2120
4555
2793
3055
2876
935
1343
715
448
2069
608
620
2631
4341
4851
804
2523
1877
3066
3501
3038
2184
1660
989
4165
691
447
3139
4491
2948
4911
178
2669
954
4357
628
4199
2635
517
4991
3928
256
47
1831
3356
487
4087
4090
2351
4744
4960
1677
1643
1605
2435
3656
4240
1409
2546
4315
4606
2980
3092
330
2588
788
3734
2133
2143
2026
3803
3931
4026
1823
1817
4040
1809
4058
4079
798
2358
1697
1693
1515
4256
4313
4319
2614
4394
3519
3469
3097
1648
3126
139
3154
34
168
860
1813
3160
166
888
1771
3987
2044
1402
3974
3321
1346
3709
1204
4490
1233
1820
1603
1165
1811
4333
1039
4130
218
1094
816
1912
2841
1332
472
4884
4449
4618
3914
1
2123
4612
2371
525
2172
4800
573
1426
1989
2163
1969
4286
3031
1148
3921
891
3554
127
1878
2208
2431
3795
1938
4322
325
2135
1926
2147
3985
389
2862
4115
688
327
4006
2151
4104
4255
4926
744
3992
1765
1008
2639
1542
1985
3075
1914
4592
1622
545
4285
2212
2945
3561
3712
1102
4602
3952
2989
4872
2564
3218
3489
3827
1828
4714
2671
2498
4567
3779
501
2940
4680
1431
3181
3937
4888
3208
2220
599
4546
1741
682
413
2034
1085
1700
3818
2052
2170
3694
4283
4801
721
4170
3198
4471
2089
1618
4957
4627
4850
4392
3527
3463
903
459
1228
3811
2569
280
4318
4379
3666
2943
503
346
1330
1836
4473
1357
2121
813
3622
2584
4661
4548
4573
4810
4776
4162
536
4672
3069
2177
4129
4397
3512
3917
2012
3202
2676
2791
2877
3467
1479
1840
4338
1276
1837
1868
4605
40
1482
93
708
1893
2283
1846
3020
347
1400
4834
3088
3627
3082
2534
4460
234
2038
3521
483
3269
3165
340
2806
2103
1195
4312
1946
574
2427
865
2822
94
3525
1026
1063
4616
4417
3665
180
4896
2379
2861
1219
4600
4074
4521
4535
2272
3468
1773
1782
1216
3481
1750
1881
1328
482
4814
700
4824
2056
2935
2036
3989
4989
3271
1337
712
4281
3089
1981
278
4746
1988
2260
4727
2985
3878
2061
1770
1138
4533
3310
1749
4212
665
3419
4678
3391
4198
2504
3478
1188
4852
1252
283
1075
158
4121
1267
3109
4813
1890
1504
2110
1362
4839
4420
3856
339
1011
2544
1349
1903
2624
1654
3014
4062
2805
2443
544
1115
4118
298
2319
1157
3112
2166
4481
2269
3844
1801
4670
3425
822
3135
858
619
3657
4558
3132
738
1786
4545
4570
2247
2788
1319
4156
3816
2641
2033
968
3685
2065
4576
1908
111
4270
3659
1042
784
2093
2563
3477
4391
1871
3315
1861
3961
586
1970
3487
2113
3747
190
1991
4742
3994
1077
4990
1655
2774
2758
4634
702
733
2138
3737
3228
2045
1375
2954
1628
4303
842
2210
3890
4296
3822
3510
292
3454
3342
295
2904
1123
2757
1066
1043
4344
2466
4647
3956
4593
3664
881
4686
2028
3736
2949
1356
77
4093
3303
187
275
815
992
3270
1511
3867
1002
2395
1103
3645
1547
3164
4929
2629
2654
1610
2469
1459
1389
1580
4954
2693
2423
4939
2674
4264
493
1006
2991
2362
67
3971
508
71
4483
923
1825
3708
2222
919
4831
4455
4845
3099
3074
4880
740
2719
2885
612
4537
4060
2304
4311
4372
273
1925
154
3409
3981
4642
722
3464
2253
4347
1510
1503
1919
3920
900
415
4997
88
4269
4117
1129
371
1141
959
3509
953
4792
1710
424
2573
2433
1345
423
4818
490
3239
3107
736
3849
4895
342
4789
4871
1437
3874
2486
4308
3124
402
607
56
2421
1557
2282
4902
1778
890
1268
4516
188
3297
2347
3504
185
2430
170
1667
2744
2737
1220
4603
799
3179
1090
191
716
4778
911
734
4194
4598
79
4098
987
3245
2781
3152
337
333
4915
3285
2397
2409
4860
3760
4920
4167
873
4575
3470
3471
4219
638
840
4566
3947
4891
4733
1270
3386
3923
4373
2237
2168
1996
2014
4258
2402
1933
1748
1759
3851
2258
1492
1821
4029
2522
3668
2118
871
3025
3091
2668
360
1122
349
3059
3323
462
186
4762
872
484
2855
1275
748
687
3428
1348
3422
2914
3394
3136
4028
3001
4793
4149
1602
2678
1562
2727
2160
376
3872
2455
3955
3573
366
4947
1089
2783
1024
3336
793
1815
852
2886
3383
2808
4536
4526
3499
1501
537
2926
4485
2375
988
2329
584
354
3618
2519
1457
2525
1471
1487
3108
1453
2205
569
1118
157
2686
4139
4144
4236
3683
4970
3382
1341
3007
262
3883
4786
729
3513
675
2481
3123
2029
4994
2749
2743
1365
4782
4221
3538
2475
2181
2416
2088
2060
1128
1797
3358
2567
735
4248
3352
2873
3999
2458
3230
4741
2859
2288
1185
4173
2652
4885
985
404
4549
851
2284
4951
2497
1874
1719
541
81
877
3506
4499
3309
2263
739
4497
1959
2891
3167
2799
344
3302
841
3742
64
492
3349
3808
1826
827
4760
3619
3174
2025
3943
4738
2346
85
4894
4428
1296
1374
420
4189
253
411
4705
3168
1136
3095
2467
1301
4804
3552
1164
428
3151
4681
3903
1285
3788
2594
4196
1371
3516
1071
4699
3655
2606
1556
1922
3876
807
853
3284
3446
1839
4588
3582
204
1943
143
3629
1222
1485
3781
1246
4206
1248
751
3799
3206
4707
2734
1153
920
922
307
1417
1649
3420
2798
4089
3983
454
1004
4106
1911
3946
3272
3681
2521
3882
2009
991
3753
266
3050
2691
3100
3770
2966
1126
3888
1619
657
4000
703
606
1974
210
1870
570
3351
4008
148
3612
4476
3707
