2788
2269
1741
3367
3681
158
2737
4321
3413
190
3360
1061
4989
2914
1276
3015
4714
2719
4593
2873
4576
4515
1628
733
4678
4898
257
4130
3917
2989
1778
3087
3419
822
4283
4471
2052
1988
1391
1077
1958
77
4270
1821
297
1441
2362
3107
2629
2065
4990
4900
3467
1547
2040
850
1042
4566
2143
4822
2894
1325
3271
3752
2170
3999
2253
106
4872
3521
275
2260
111
1244
1825
3574
3135
4060
3989
1853
722
4642
807
1241
1165
923
4303
3659
1357
1680
228
4308
3882
3219
3386
141
1749
4957
2693
4780
2715
4778
4263
234
3020
1141
1431
2805
4156
4012
3315
716
2081
2433
4751
4920
3428
3270
708
2444
278
3971
3534
292
3043
1765
2937
4773
2935
867
2427
3952
1115
2219
3075
152
3956
4680
891
299
4537
3480
1496
2820
2568
3229
3391
638
4575
2147
2560
3398
4521
2351
4118
806
347
754
4249
1345
2504
1852
88
4296
1451
4035
2609
1834
786
1990
1837
3266
2817
2556
2563
1712
1389
3491
3981
2999
4248
4975
2443
1914
340
421
4742
1275
858
4886
3947
333
3323
2402
1322
2811
3664
298
1197
2991
1597
1719
4075
2586
1839
249
2161
842
4634
4047
987
1063
4372
4391
2160
1453
1217
4891
3236
4793
4121
4679
3657
1909
4558
4093
2885
1304
493
3881
3877
3383
751
963
3878
307
734
4167
695
2624
1737
415
1884
79
3245
1328
1619
3425
3543
1299
2699
1553
3614
544
3822
1892
3406
3414
67
2437
702
2014
2196
454
3447
1759
992
2654
3516
1252
3358
4423
3112
2045
2756
2595
4652
2178
4633
2307
836
1254
3147
2913
1485
285
1128
1664
4623
4897
845
3515
2090
1184
3479
537
3502
771
2007
784
2263
4356
560
547
852
1285
2859
2181
4954
4925
4188
427
4478
3788
4476
690
3036
1752
4127
3864
1710
1933
3276
1333
1066
2
3248
3239
3057
55
2226
4497
1296
4029
2168
548
1177
1041
2222
2283
1953
1486
1838
3456
750
4390
1745
780
1871
2364
2321
2329
1349
147
4570
738
739
3184
96
1323
98
1270
2816
4617
2702
3395
1925
2843
2577
45
4935
1895
2770
1903
1306
959
2596
1802
241
4662
919
3892
2247
516
941
4385
2931
3621
2456
461
4814
2207
4420
3048
1099
2423
104
1010
1021
3551
3994
747
918
396
2830
4194
984
3415
1353
619
3500
3695
3676
3608
3688
2668
3310
975
4839
4482
1730
3503
4963
2258
4219
2110
3230
730
3349
3175
1770
3643
4763
3851
12
2256
3778
1793
4599
2186
3658
3091
1443
4837
4455
4465
3045
3471
2709
4193
1366
3920
1058
1970
1776
1591
2365
4947
4880
4601
2239
56
4001
4699
4639
380
2101
2759
2227
3213
71
2660
909
711
460
1314
4815
2933
3283
3739
508
4747
1483
43
4280
3638
4049
914
1390
4144
4328
1919
2415
3025
4648
2091
2031
1428
4959
3
2692
586
464
3342
1437
1702
35
3889
2515
757
304
303
3591
1179
885
2904
4812
3915
3900
2926
4094
2194
2412
1669
492
4789
1106
3849
4784
1098
2990
3731
3173
4032
2548
4117
2731
393
2758
1512
660
1910
4183
736
4933
4166
1888
4930
2512
3440
1868
3454
3626
3702
596
1984
2951
2632
2628
3441
1375
1966
1022
2994
3760
1411
952
1337
4326
1559
1117
511
3405
3884
1281
676
1959
1577
2871
902
4344
3472
1459
2579
267
4667
4961
2486
68
4895
4805
4708
323
2694
543
3037
2391
1746
2124
4782
4976
2342
3706
183
1942
2713
2315
1775
4033
140
1856
1810
434
1341
4607
2060
442
3967
2819
533
1355
4992
3539
3559
485
192
4264
657
4414
3455
2419
4225
1631
2482
2100
3961
2067
901
763
2473
2458
3341
4401
2448
3051
2229
3555
1100
1429
3644
976
3026
2422
832
787
2165
774
2171
3368
4669
243
238
924
942
2946
209
1406
3257
4200
655
1055
4499
435
3005
4870
1442
4869
3136
1311
1265
1571
1288
1436
3583
1545
2602
2870
3798
1363
2767
4942
2750
1922
3104
201
112
4845
414
3547
2599
2355
1239
2571
4905
3701
1971
3530
4856
4370
3924
877
3945
4100
731
251
2290
894
510
4111
905
3918
4178
4552
4437
931
4701
3338
4164
766
972
2441
4342
3699
2754
445
4984
1617
2011
827
4790
4024
3652
595
4007
2400
2852
4609
1994
1717
110
3281
3363
3519
4287
818
1535
3334
3826
4522
2695
985
3352
4291
686
194
309
3813
2617
3850
4302
3101
4661
808
3618
2900
1178
2304
134
566
1339
4832
2841
3909
4685
862
3191
3598
4698
32
474
1505
313
2558
3201
4836
4433
2233
1048
455
829
2718
1599
3764
4907
3577
2743
2225
2705
57
3660
4410
4487
1216
1924
4208
703
917
954
4495
4351
305
4394
1762
4352
4135
3509
2884
264
3109
2134
3711
1676
3123
256
598
602
1554
2680
4488
1180
2348
1532
2102
3164
2530
1869
2684
4146
4309
3914
1394
1757
1026
4636
4480
1523
1655
4797
4223
524
2584
853
4221
3815
1343
1801
1850
4810
1365
1460
4965
3770
1251
1743
2845
4862
4806
3740
4893
3852
3865
3366
1693
3055
1842
855
2941
4165
4921
2164
1053
856
262
851
3958
3469
854
2175
3987
4655
1817
1811
2358
58
1302
287
2440
2888
4745
1035
1707
3003
185
174
3022
3552
3206
3723
3710
3709
1673
4838
3576
4787
1107
50
1120
3654
1647
1639
3089
3092
4829
3100
2998
4740
255
4849
887
916
3228
2475
227
2193
2376
4705
955
4707
1269
2336
960
1506
3856
4948
3845
3841
3836
3426
989
3143
1734
2435
2280
4416
3451
4089
4355
4569
2641
4332
1479
444
1943
1946
4091
804
514
2326
1440
2048
628
2016
1427
621
4244
617
614
4065
3241
4564
17
391
4107
4546
2133
4147
1399
2540
688
338
