3436
1032
3664
4589
4972
2098
1322
2441
3917
186
4489
3534
2866
3163
4144
2814
2122
1063
4002
973
371
2815
4026
705
3221
2054
1438
4513
647
4030
3572
855
3716
3012
1936
66
3995
312
1973
4293
851
652
3381
3188
2277
2003
2300
4387
1016
2542
4906
1913
3336
3703
2469
3487
1376
361
2557
3244
2934
4263
366
772
4104
1164
3975
1655
3655
2532
3241
1091
787
4743
455
1518
2045
308
287
3844
4064
4846
1884
2785
3931
659
3555
46
3885
830
556
2716
252
2389
1176
4978
249
3567
4718
505
600
2524
2140
1758
3057
536
2624
3418
3527
1139
2574
1818
530
542
418
1151
322
803
484
1863
1365
4713
1597
4692
4530
2018
258
4776
1862
2438
4967
379
3016
1200
3686
2106
3068
4357
3428
1901
3061
3736
3054
4276
3718
209
1046
4221
243
4553
897
781
1418
3515
3761
3513
2023
4889
234
87
2257
1995
251
4315
2757
3744
4940
4984
133
1330
1816
2495
3159
56
1949
2692
4279
4367
4454
3220
3794
4347
3013
2619
3184
2056
3438
1796
1894
1229
434
4923
596
126
75
2034
393
1484
1045
986
3077
993
4259
1877
4395
4118
3122
614
548
3284
4253
4974
1571
3543
3072
4042
4121
4898
3937
2902
381
256
3231
1569
2498
3146
988
1548
4567
2401
385
1482
3065
1615
245
3724
4842
2421
2835
2147
3407
2468
327
2291
1444
3249
3903
3345
225
1272
677
76
4631
3081
2732
2722
1132
4604
1764
4447
1865
3352
1184
3088
1537
4013
4319
3598
827
147
3152
4792
2900
4434
2241
2731
2565
4335
4399
4156
3251
3652
135
2220
710
3766
1933
387
1072
4858
3996
4220
292
2780
99
1282
913
4727
4926
3813
2486
4502
686
4986
4317
2338
4554
2910
4359
1075
3590
2466
2371
3880
4265
25
4404
1736
4654
621
1754
192
4726
178
975
2493
3625
4457
2537
2706
3205
4409
2529
4374
30
719
3679
4948
700
812
4283
2750
669
2107
3637
4933
1013
2907
1260
724
4043
2207
3164
3514
4423
236
12
4248
2905
57
2671
2089
3176
1244
2569
336
978
2903
3593
3165
2895
428
1450
4620
4592
1299
1163
4207
2939
1704
3650
3499
4970
3671
4309
2541
119
4439
964
4231
1371
3893
4471
4236
3729
1743
3546
1760
1572
4370
3050
4135
532
4029
553
4342
831
3394
1809
3085
1897
386
196
2549
3277
4648
808
1108
279
676
2194
789
3768
1712
4161
1883
3083
483
2843
797
1232
1721
1979
3019
3055
3211
3317
2781
3479
2204
1372
974
3680
3964
2738
3886
3595
1024
1812
1570
4414
4556
217
2362
4863
2662
4146
1167
4287
721
102
2837
1948
188
1899
1545
2394
2281
1131
934
3367
800
1196
2702
1248
4507
3240
3920
1285
3947
2816
801
1194
1749
2316
1048
1276
2794
2944
330
367
2261
1512
1791
2369
115
815
1690
2965
1385
3915
4226
567
1958
142
309
4487
1212
4034
3222
1279
2598
1593
4257
1425
2704
2164
4032
4757
1410
3836
3234
1860
1314
1582
3191
184
1069
59
3767
2797
4818
176
445
4676
3354
248
1744
426
2009
601
2444
2121
2590
4073
4340
1097
2658
2383
507
3603
1962
1152
2518
3456
1114
1400
3831
58
3330
2171
113
3117
3022
1927
1012
2790
4958
2087
660
1207
4153
631
255
3156
2406
852
4419
1782
3951
743
2652
2994
4640
2961
1517
3174
3701
4147
1612
2957
2600
540
2857
382
3698
3682
104
3544
3551
3192
4145
2126
3361
940
1060
2566
3865
2901
1589
3517
2485
440
293
2022
4877
1896
88
4179
1304
3322
3712
2855
1649
1584
4688
871
4472
3871
4929
3343
3581
2405
452
4585
3530
4786
2488
1878
3602
879
4876
4438
2982
2833
962
18
3873
311
239
3941
103
4714
1374
3586
442
2521
2629
1014
2631
1531
4240
2349
4822
3970
3349
2649
3622
1994
274
296
591
1360
1668
2667
4509
4869
2202
2063
335
965
1497
4168
1375
2014
584
490
4539
4297
2167
4143
2298
3777
2928
1049
1079
3331
1984
1910
726
4425
961
270
3492
108
3288
3412
1246
2556
1700
2642
2604
3588
667
4751
331
4420
2825
693
1007
4802
2334
4371
1903
3810
685
3384
3575
1047
1577
4915
4345
967
132
2222
3233
4495
2221
2244
3444
1761
524
3481
1177
4542
23
1938
3953
1476
4673
4797
278
3583
4617
2155
2654
2681
2452
2189
3833
485
4350
1755
1709
555
4197
1233
3802
4072
1218
2859
2340
3139
1093
4963
3112
2617
3201
2567
4611
618
1030
1369
432
4102
734
604
364
1226
1543
1722
2358
1025
4475
3009
1559
3340
2995
1698
4018
2235
4214
3372
2651
98
4452
4388
1977
3685
3858
3874
4997
347
3962
4078
3806
3015
3469
4139
1731
3799
62
673
3392
696
3965
937
2869
4501
4314
493
4477
4566
65
843
351
107
4136
3793
4720
1469
244
566
2978
4899
4056
2129
592
574
2886
3594
3485
2755
4715
747
1368
4009
4651
4070
4331
4184
2618
1127
1402
1947
3762
36
2635
1723
1576
4394
512
3070
415
3120
2424
2576
2471
4480
2489
2116
2723
4097
4088
3859
2177
84
4443
4381
683
2481
2462
3439
4920
1338
4120
4093
384
4627
2267
1992
280
2707
4233
2705
4969
3872
4550
4586
1842
2233
467
3147
3099
3784
4141
1573
4893
2634
3933
2322
1446
2279
3879
4050
4461
4289
630
2984
3841
129
3449
3939
3942
998
1786
3832
1888
4008
2095
2083
4754
1724
4941
2
1432
3774
3283
2282
1830
554
289
2749
2612
4956
405
1866
319
2047
2013
4262
694
1734
1228
4306
4075
4337
4479
1439
4880
1474
3003
3027
2396
222
3432
861
1188
4124
4271
527
681
4762
824
3052
939
1525
85
766
854
632
4601
3790
1199
1746
535
3734
2342
4605
2699
